Muhiminul Islam Osim
1607087
102
CSE
1
2
463
on
31
11
2017
1300
Noman
1607031
104
CSE
1
2
471
on
15
11
2017
1300
Jisan
1607084
105
CSE
1
2
462
on
5
9
2017
3900
Sojol
1607101
106
CSE
1
2
403
on
11
11
2017
1300
Neom
1607077
105
CSE
1
2
454
on
31
9
2017
3900
Rupom
1605098
109
ME
1
2
299
on
25
8
2017
5200
Arif
1603098
111
EEE
1
2
444
on
31
11
2017
1300
Rohan
1607093
105
CSE
1
2
411
on
11
11
2017
1300
Munna
1507087
307
CSE
2
2
363
on
25
10
2017
2600
Datta
1307023
311
CSE
4
2
201
on
12
11
2017
1300
Shuvo
1407025
416
CSE
3
2
211
on
23
9
2017
3900
Shuvo
1407025
416
CSE
3
2
211
on
23
9
2017
3900
